%Time,Tn-marg,          Tn-Phy,             d-geo,         Tn-Psi
0.0,0.001000221574309279,0.028012530694576702,1.6490221555155569,0.027396255924327692
0.122,0.0010002235302157365,0.028012611914730673,1.6482444141010786,0.02739633605627725
0.244,0.001002156547852414,0.02809516694654586,2.191472531421408,0.027477982949575774
0.366,0.0010040456469042414,0.028180692289801038,2.9550592701605534,0.027562983257032447
0.488,0.0010058902274253049,0.028269228173095136,3.706849613266821,0.027651422321482017
0.61,0.0010076900352681368,0.028360903722257365,4.1062187815559215,0.027743473515353837
0.732,0.0010094457567606525,0.028455858498646493,4.105368361249637,0.02783932193265186
0.854,0.0010111583159300892,0.028554242660401952,3.8677722470459757,0.02793916482102174
0.976,0.0010128289235311904,0.028656218704247706,3.585988787010395,0.028043212720604102
1.098,0.0010144591041414569,0.028761962463273418,3.4391891286543044,0.028151690660465568
1.22,0.0010160509064438125,0.028871664044790586,3.3419883755732998,0.028264839989575352
1.341,0.0010176061669653373,0.0289855294702788,3.3608787388110186,0.028382919186537087
1.463,0.0010191268872168128,0.029103782141757843,3.451521313023196,0.028506206048198257
1.585,0.0010206150308273603,0.029226664827235294,3.404079622795151,0.02863499957849647
1.707,0.0010220725448043095,0.029354441500164925,3.273013475867306,0.028769622310787203
1.829,0.0010235011595697194,0.029487399834208932,3.2137601912289675,0.02891042276959204
1.951,0.0010249027908782158,0.029625853475713063,3.233019635645312,0.029057778565102423
2.073,0.00102628076327665,0.029770144184596097,3.1592488973304715,0.029212099677879525
2.195,0.0010276402084166655,0.029920644924554426,3.1845437192412245,0.02937383177418618
2.317,0.001028985963337015,0.03007776743397683,3.2109093071303545,0.029543460521544086
2.439,0.0010303193337733642,0.030241961640809598,3.2659573592399265,0.029721517260903326
2.561,0.0010316490746569362,0.030413732442448965,3.1866986836020645,0.029908586033361776
2.683,0.00103297499865675,0.030593629112581396,3.1386832458844593,0.03010531024863266
2.805,0.0010343106682816525,0.03078226940075148,3.091995474284955,0.03031240524751861
2.927,0.0010356694657417116,0.030980348156116114,3.1079721010134076,0.030530661599610258
3.049,0.0010370588865816007,0.031188614910831337,3.0202950156025663,0.030760961318808802
3.171,0.0010385238225914546,0.03140793497865056,3.070707007831884,0.031004289042290495
3.293,0.001040092132248518,0.03163928270729325,3.2086452941526002,0.03126174620215122
3.415,0.0010418135232385748,0.03188367027052655,3.164579789830543,0.03153456430418518
3.537,0.001043781892981732,0.03214239985040307,3.1129467644947795,0.03182412987462058
3.659,0.0010460756834573559,0.03241671325630084,3.0308293164416087,0.03213199736478185
3.78,0.0010488192941053881,0.032708185665160705,3.107647326855884,0.032459911968276016
3.902,0.0010521792134566888,0.03301860585008793,3.072038245242917,0.03280984020712489
4.024,0.0010563235120421613,0.033349588558486555,3.0068182658790734,0.033183990112971844
4.146,0.001061490167646848,0.033703929871441635,3.1084311591890326,0.03358484880082857
4.268,0.0010679463062273874,0.034083066584253634,3.110125024258989,0.03401520513299297
4.39,0.0010760097493236664,0.034491052601743545,3.1214583933720013,0.034478191768587664
4.512,0.0010860715416065243,0.034929559353867996,3.0271394708632653,0.03497731425036586
4.634,0.0010985918723763234,0.03540300628303061,3.062510292413509,0.03551648419178496
4.756,0.00111409017405713,0.0359153056486261,3.105123181455101,0.03610006428200753
4.878,0.0011332384287360286,0.036468752374941564,3.0775256000893676,0.036732912275003214
5.0,0.0011567418428042083,0.03707245603445848,3.128994938703428,0.03742039385207363
5.122,0.0011855765023245592,0.037724570369480646,3.273975301755991,0.03816845842024961
5.244,0.001220727578596517,0.03843948844645428,3.4775315458776563,0.038983594928962126
5.366,0.0012634941521360017,0.03921487644162831,3.5699173616618234,0.03987293487676781
5.488,0.001315239527928868,0.040062556910413764,3.590395200609206,0.04084418163334075
5.61,0.0013775901553322635,0.04099162356904222,3.6053767087989623,0.04190569443394963
5.732,0.0014525208972881887,0.041997724018521566,3.648288070324854,0.043066508046395946
5.854,0.0015418796887058921,0.04311217327291337,3.8198090418642017,0.04433617661775092
5.976,0.001648021696747787,0.044312463665462654,3.954903693623977,0.04572493392869734
6.098,0.0017737617489819962,0.04563955213641946,4.010534452355398,0.047243583047174985
6.22,0.0019214050375797767,0.04708143522284225,4.085586617386185,0.04890321861737461
6.341,0.0020940605585834425,0.04864655679450407,4.161770859581187,0.05071551070214619
6.463,0.002295805880989111,0.05037835264736096,4.214818087345556,0.05269268063771938
6.585,0.0025300543460579986,0.05222098441424041,4.250441345720721,0.054847091132538175
6.707,0.0028001427012221826,0.05427288621628915,4.3627923181366075,0.057191171021119154
6.829,0.003110880564701303,0.056456499554562785,4.477674530861791,0.05973787918195838
6.951,0.0034680659146490984,0.058838347395166045,4.515179428576019,0.06250034520289081
7.073,0.0038766815685323344,0.06143318944153137,4.55586102940236,0.0654912174210783
7.195,0.004340143369364382,0.0641630084959961,4.6378262269081745,0.06872226262129616
7.317,0.0048622011507358205,0.06720616365587716,4.740344240761968,0.07220437226600666
7.439,0.005448107492425722,0.07035231149658992,4.792368896106966,0.07594826379044461
7.561,0.006103637330279537,0.07381560068739322,4.8534716537884615,0.07996398714491033
7.683,0.00683328374751209,0.07747934952533168,4.927212389301102,0.08426075790639477
7.805,0.007638698576493506,0.08132318845471845,4.99268281356371,0.0888461350752149
7.927,0.008520349574558984,0.08556411447878014,4.99593266043975,0.09372651457232059
8.049,0.009478560369313889,0.0898350174671777,5.0802705382595095,0.09890666365263964
8.171,0.010516171309214844,0.09459596058514232,5.192855551638114,0.1043909007722408
8.293,0.011637867440278967,0.09943194097204484,5.293340250695401,0.11018213606365905
8.415,0.01284891986307376,0.10457456664528711,5.371782825631353,0.11628177776043284
8.537,0.014153615470683402,0.11007783207219918,5.410215211914251,0.12268887149503499
8.659,0.015554759816498832,0.11553682609997425,5.452875826650982,0.12939938297375522
8.78,0.017055309561820386,0.12163383968350056,5.548618868519919,0.13640646916568824
8.902,0.018658202736945618,0.12753641113963485,5.610526976995844,0.1437002499962249
9.024,0.020364409481516937,0.13399203463907963,5.631697611566925,0.15126854914956162
9.146,0.02216390251725342,0.14054039265873697,5.717816240525205,0.15909691140829277
9.268,0.024040357152252667,0.1471177788467515,5.745227791380547,0.16716969297415143
9.39,0.02597774581054453,0.15429810157658885,5.761765644165075,0.17546830159075918
9.512,0.02797645596749272,0.1610061420530672,5.815300244094319,0.18397186775002078
9.634,0.030056292127177916,0.16854661874269675,5.835388089943044,0.19265704715335455
9.756,0.03222817632192132,0.17570164384040654,5.894613397821161,0.2014959608747911
9.878,0.03447066532343688,0.18319309464397548,6.026162860440675,0.2104584073947924
10.0,0.03673452049322097,0.19090039847321544,6.071759016677997,0.2195117884943962
10.122,0.03898398531709453,0.1980299452522676,6.172789138795968,0.22862099460549218
10.244,0.04124439164505893,0.20599231872395202,6.305428137217319,0.2377503869784796
10.366,0.04358223733352015,0.21308823921332157,6.277389906398136,0.24686385417371454
10.488,0.04601861436389659,0.22090997798295328,6.350374249438128,0.25592376068358497
10.61,0.04847590714008126,0.22835610081596072,6.3979189133831245,0.2648925939925214
10.732,0.05083048910319781,0.23541894536629976,6.42907918857993,0.2737317063895907
10.854,0.0530364086986044,0.24286940753751604,6.36125177969408,0.2823993230996953
10.976,0.05519130903263232,0.2492389660609945,6.345352393704757,0.2908525715391405
11.098,0.05743396302309052,0.2564544981449154,6.435469656760587,0.2990488885185527
11.22,0.05975987113574815,0.2628719460392201,6.523990910198461,0.30694576984978866
11.341,0.06197156693680589,0.2692531389254616,6.51523753650503,0.314499859262295
11.463,0.06387036003854281,0.27531457143627625,6.5034890273948935,0.3216710440939206
11.585,0.06548877172421567,0.2803492726888509,6.554096692164483,0.3284233989432845
11.707,0.06708420818221301,0.28581890287458556,6.635679766723973,0.3347244395658205
11.829,0.0688466879938685,0.29046355882274305,6.665760013698977,0.3405433427579573
11.951,0.07064889475741101,0.29530219187538653,6.661839502392783,0.34585262796312494
12.073,0.07214526674725337,0.2993449832249565,6.664140398236447,0.35062824248196617
12.195,0.07315999904446575,0.3025603803407359,6.68822470062575,0.35484851842355825
12.317,0.07391073314735297,0.3054641864888121,6.711397606027869,0.35849224851083794
12.439,0.07477897679940176,0.30779212662863853,6.724621494646261,0.3615389160503304
12.561,0.07585660894064242,0.31025994009450397,6.772633618958365,0.3639718654465565
12.683,0.07680179201425677,0.3119696540299197,6.745993290092315,0.3657790900667861
12.805,0.07721644563998019,0.313055877797382,6.667454020317155,0.36695500728063396
12.927,0.07710435077419789,0.31318440773179934,6.669987199462755,0.3674971645076457
13.049,0.07688297036495013,0.3129636024123472,6.686237528205878,0.3674067057184194
13.171,0.07689398449140245,0.31261341019228767,6.805409326986762,0.3666878540436745
13.293,0.07699726793248582,0.31189221130580874,6.843108948604336,0.3653486362559798
13.415,0.07673666552898269,0.3107645742304098,6.896657820017833,0.3634033370981918
13.537,0.07586920042092705,0.30846977508984386,6.883233447066429,0.3608699043190861
13.659,0.07465473920170226,0.30590043533221306,6.874341734466144,0.3577702863427879
13.78,0.07354972683751854,0.30291083666332097,6.850239033621966,0.3541294492149601
13.902,0.07267909708448478,0.2998999314386008,6.897919493283309,0.3499717713596695
14.024,0.07172499716085948,0.2967083068635518,6.8627114713484785,0.3453234459258174
14.146,0.07032102613889767,0.2925535151484348,6.8870240266865,0.3402111932499104
14.268,0.06847976282461142,0.28812091550854,6.953204779124843,0.3346614460431676
14.39,0.0665703922401915,0.28310556803649517,6.995160328502409,0.3287020608793457
14.512,0.06488948598511894,0.2781428168849056,7.043695450105543,0.32236259683083607
14.634,0.06334676664823624,0.2731668004403219,7.037764469387966,0.31567172775633917
14.756,0.06162787959515696,0.26757303795394904,7.066328315339509,0.3086603824781278
14.878,0.059579444254543916,0.2617543175078393,7.100899705907679,0.30136187772645107
15.0,0.05736948729000377,0.25538376888936504,7.113631002200215,0.29381010116233897
15.122,0.055281126744063325,0.24898473051430442,7.146296589143036,0.2860404873949452
15.244,0.05341138430407653,0.24269880365626226,7.170188313927979,0.2780914358140733
15.366,0.05160340752911433,0.23610093892146417,7.126879832264972,0.27000037312426795
15.488,0.04966543242748624,0.2294606140418416,7.108085270940193,0.26180262370605284
15.61,0.047588080103993534,0.22247584524208264,7.127278637419962,0.2535315401917404
15.732,0.04552416690810053,0.21541346829291186,7.083883404013469,0.2452184964905219
15.854,0.04359098033980443,0.2085762204603979,7.094419812930561,0.2368905367119571
15.976,0.04174913674064043,0.20163774088805927,7.099421716057073,0.22857128956378023
16.098,0.039874915725873226,0.19486691613108562,7.073506455854431,0.22028436840425109
16.22,0.0379039680116643,0.1879948157229993,7.021466709627636,0.21205318779368557
16.341,0.03588933268807265,0.18106818983144998,7.00208942734891,0.2039000253225822
16.463,0.03392762368377987,0.17441124043797168,6.987126649644902,0.19584546665015798
16.585,0.032065496156970574,0.1677139752101187,7.00817613791511,0.18790997466303544
16.707,0.03027434478202146,0.16129025446065265,6.998527963389608,0.18011339826154246
16.829,0.028504176077578842,0.15490943838805968,6.944852714775805,0.17247259951665853
16.951,0.02674550991637686,0.14854432881009677,6.955931416341719,0.16500153743742593
17.073,0.025029881086644973,0.1424610109992751,6.940323470620775,0.15771134329872058
17.195,0.02339459929185907,0.13636384693620718,6.896694356840336,0.15061333090859907
17.317,0.021847756466002177,0.13058653949533536,6.90343384387288,0.1437187335032622
17.439,0.02037075652079774,0.12491297471792373,6.871609094386695,0.13703749432127407
17.561,0.018950618475165142,0.11935324291840883,6.868524908313941,0.13057870979065486
17.683,0.01759230097185737,0.1140675823961823,6.848305362712071,0.12434957794356194
17.805,0.01631430970275303,0.10881123622135176,6.854759585503274,0.11835667797605262
17.927,0.01513082793727352,0.10388004384923255,6.867820539399743,0.11260561524084899
18.049,0.014038091617624008,0.09906179850369054,6.84830445468759,0.1070992139072774
18.171,0.01302289343681456,0.09443869023757973,6.846540983323135,0.10183689141992248
18.293,0.01207510086541834,0.0900543294348788,6.838738668226106,0.09681537673050736
18.415,0.011187932664845877,0.08575887634140289,6.827726057132379,0.09202842219761084
18.537,0.010360115093072355,0.08175287017538056,6.818983837819807,0.0874689636386724
18.659,0.009589990036540043,0.07785421868318017,6.816416687261614,0.0831299510879249
18.78,0.008870970101466188,0.0741739012145114,6.79455727060768,0.07900395673376756
18.902,0.008195841386187659,0.07067339976981646,6.770435838775139,0.07508352621040243
19.024,0.007560763339968777,0.06730147271434059,6.757003213467334,0.0713613925414973
19.146,0.00696273993987969,0.06414664607737425,6.745640510725259,0.06782982908567549
19.268,0.006399861955391363,0.06110217036589735,6.725136262244409,0.06448137850487427
19.39,0.005872187357439125,0.05824547540961923,6.713485147587569,0.06130967097862727
19.512,0.005379560118189909,0.055526022075343226,6.6966463440405,0.058308930326636525
19.634,0.0049209064369980056,0.05294264770044625,6.676241809152498,0.055473726040003606
19.756,0.004496186081771745,0.050512747669197396,6.659647665100743,0.0527990890871977
19.878,0.004106964705073783,0.04819982255724601,6.653567694996423,0.05028031516973315
20.0,0.003752189122197496,0.04602250201345052,6.64513998796219,0.047911900333084796
20.122,0.0034292165678380224,0.043972594641079,6.623326375353955,0.04568771557969198
20.244,0.00313582290438838,0.042030671820311026,6.632534698944169,0.043601373129959715
20.366,0.0028697694635708417,0.04021499543359831,6.645328754476553,0.04164613875644413
20.488,0.002628169898035112,0.03850110017183465,6.612939914712707,0.039814863410504636
20.61,0.002407856979585481,0.03688513669834782,6.609359371697319,0.03810021735998752
20.732,0.002207591158674074,0.035385978588738196,6.572590466790207,0.036495337899005525
20.854,0.0020266706593986246,0.03394740054952239,6.562179681381281,0.03499355401185373
20.976,0.0018632955931216057,0.032630409840878574,6.542686273666116,0.03358819958913527
21.098,0.0017157224732407368,0.031363039223235384,6.5157077620074135,0.03227284552492232
21.22,0.0015823564931444758,0.03018856500780559,6.514567709123079,0.03104137442084722
21.341,0.0014625874476259107,0.029088281679301244,6.508196095973146,0.029888132664669522
21.463,0.0013551105159019944,0.028027074736673575,6.493142889873256,0.028807542492164127
21.585,0.0012577962460191018,0.02707476856457028,6.491980989711259,0.027794159974220255
21.707,0.0011690429944076872,0.026121472874085155,6.473733894000826,0.026843003556274437
21.829,0.0010882657684964337,0.025280220702641746,6.462138736123547,0.025949658766664423
21.951,0.001015009528574302,0.024445007815211944,6.4555210185111855,0.025110017774728915
22.073,0.0009489583310544556,0.02367477886071213,6.457476815970451,0.024320378932557854
22.195,0.0008889928254447556,0.02296360040563372,6.458671311441141,0.023577208814285152
22.317,0.0008341375587035798,0.022245545198016255,6.45513895872292,0.02287744923078828
22.439,0.000783930105370685,0.021641041354733798,6.43792958982171,0.022218395545625106
22.561,0.0007380591204729072,0.020986645381788058,6.42582320647658,0.0215975464752768
22.683,0.0006960014602845043,0.020447582898079585,6.424623210076537,0.021012412068685385
22.805,0.0006573322959577949,0.019885886744525186,6.418711547255623,0.020460723781586487
22.927,0.0006215791079189168,0.019371423305456898,6.411678317234549,0.019940312825974537
23.049,0.0005885341992059185,0.01891733489907662,6.399985585140424,0.019449313745376066
23.171,0.0005587215594603998,0.018415886074700766,6.395500556121808,0.0189861623528513
23.293,0.00053233588230101,0.018045644669111384,6.403565003334482,0.018549340114209303
23.415,0.0005093716329115736,0.017584900402937323,6.389521414348096,0.01813738464963538
23.537,0.0004895730065336113,0.017246448196942862,6.383417898292251,0.017748911148967848
23.659,0.00047268665041144534,0.01687038766629182,6.3813934498612355,0.017382624289595913
23.78,0.0004581459086732303,0.016520025500732675,6.372032887521722,0.01703726984958464
23.902,0.0004454998922625145,0.01624510574314475,6.366388067381476,0.01671172729041843
24.024,0.00043454544191197657,0.015883221515852843,6.365393338890065,0.016404981417999738
24.146,0.0004248882569990035,0.015674918382828834,6.359854727040303,0.016115979339180398
24.268,0.00041629192194397424,0.01534853038888407,6.357221910409242,0.01584370770598962
24.39,0.0004088234587700983,0.015143849771778907,6.343713529609559,0.015587281927974286
24.512,0.0004025584086511404,0.014905655794780764,6.336943817323543,0.01534589039463672
24.634,0.0003976054329335565,0.0146626293698322,6.335678078576097,0.01511880274956538
24.756,0.00039396169468457144,0.014519617224303175,6.332681209380462,0.014905322466740478
24.878,0.00039201741007212967,0.014254257956083087,6.317896168726751,0.01470482851427778
25.0,0.000391940645351725,0.014155002540328915,6.3158334853238856,0.014516650425781463
25.122,0.00039355811195671594,0.013928896644480413,6.3095607206901425,0.014340041072307429
25.244,0.00039655818930646534,0.013804179122773595,6.3095986234360035,0.014174237883185007
25.366,0.0004006009877598596,0.013668033567595822,6.302916142421332,0.014018526156134364
25.488,0.000405279103044239,0.01348851040787629,6.298341877217029,0.01387221518242989
25.61,0.00041031913671096696,0.013432400148986806,6.292209618618841,0.013734651893419669
25.732,0.00041557831733647914,0.013234697549185768,6.288171973262126,0.013605245676583153
25.854,0.00042140731317215336,0.013194538099633684,6.279358961705366,0.013483510785012013
25.976,0.00042798943854354993,0.01304697458094705,6.275339439540847,0.013369009300608163
26.098,0.0004350440132215556,0.01295969702866696,6.274117347610731,0.013261305860047699
26.22,0.00044217063026086,0.012897526806500777,6.270285067595822,0.013159978414057697
26.341,0.000449141884164983,0.012756611180772192,6.264206670942473,0.013064648770865873
26.463,0.00045607827636732964,0.012748932142693832,6.258771101780331,0.012974989573539927
26.585,0.0004632360381301199,0.012607673450895968,6.250719997542322,0.012890698317570701
26.707,0.00047071061257081563,0.012586954799596211,6.250286929682513,0.01281148430604162
26.829,0.00047819222575017187,0.01250528485555485,6.244947770994024,0.012737026927052508
26.951,0.000485403782181998,0.012429657583720229,6.2408913042101455,0.01266703418386059
27.073,0.0004922018245250289,0.01241630683138985,6.237998113118185,0.012601250406433229
27.195,0.0004984208380327881,0.012305910678548587,6.231481184582392,0.012539416411815007
27.317,0.0005040717190299619,0.012313633513486038,6.2274950975213335,0.012481303474157431
27.439,0.0005090049292859449,0.012226836582135216,6.224516100371036,0.01242669404445898
27.561,0.000512984588278383,0.012200686751471243,6.218634406519122,0.012375398515356306
27.683,0.0005158538594099079,0.012173215106593598,6.214786711846216,0.012327276484161613
